
0.8
1.6
5.5
8.2
9.8
14.3
16.4
14.6
13.4
9.6
4.5
-1.2
3.1
5.4
6
10.7
11.5
13.5
14.4
14.6
14.3
11.4
8.5
4.5
4.3
3.9
7.8
6.4
10.3
12.5
14.6
15.7
12.5
8.2
5.8
3.6
2.8
2.6
1.9
6.8
9.9
12.9
17.3
16.2
12.9
11.6
5.3
5.4
4.5
5.3
6.8
9.3
11.5
14.3
16.7
14.4
13.9
11.3
7.6
4.4
3.5
3.5
5.6
8
10
12.9
14.9
15.4
12
10.1
8.1
8
4.4
3.9
5.3
6.4
11
13.5
16
16
15.2
10.2
4.8
5.6
3.3
5.3
7.6
8.2
12.2
15.1
15.4
15
12.9
11.6
5.8
3.8
4.1
2.1
3.8
8.6
12.2
14.6
17.8
16.2
13
10
7.4
5.4
3.4
6
7
7.8
10.3
13.4
17
16.5
13.4
8.8
5.6
4.9

