-4 3.47873
-3.984 4.04319
-3.968 4.48867
-3.952 4.82584
-3.936 5.06481
-3.92 5.21509
-3.904 5.28563
-3.888 5.28489
-3.872 5.22077
-3.856 5.10071
-3.84 4.93169
-3.824 4.72022
-3.808 4.47238
-3.792 4.19385
-3.776 3.88992
-3.76 3.56549
-3.744 3.22512
-3.728 2.873
-3.712 2.51302
-3.696 2.14874
-3.68 1.78344
-3.664 1.42009
-3.648 1.06142
-3.632 0.709892
-3.616 0.367726
-3.6 0.0369119
-3.584 -0.280776
-3.568 -0.58377
-3.552 -0.870697
-3.536 -1.14037
-3.52 -1.39177
-3.504 -1.62404
-3.488 -1.8365
-3.472 -2.02857
-3.456 -2.19984
-3.44 -2.35002
-3.424 -2.47892
-3.408 -2.58649
-3.392 -2.67275
-3.376 -2.73784
-3.36 -2.78197
-3.344 -2.80543
-3.328 -2.80861
-3.312 -2.79194
-3.296 -2.75592
-3.28 -2.7011
-3.264 -2.62809
-3.248 -2.53755
-3.232 -2.43017
-3.216 -2.30666
-3.2 -2.16781
-3.184 -2.01437
-3.168 -1.84718
-3.152 -1.66704
-3.136 -1.47481
-3.12 -1.27133
-3.104 -1.05746
-3.088 -0.834073
-3.072 -0.60203
-3.056 -0.362199
-3.04 -0.115442
-3.024 0.137383
-3.008 0.395428
-2.992 0.657855
-2.976 0.923837
-2.96 1.19256
-2.944 1.46324
-2.928 1.73508
-2.912 2.00733
-2.896 2.27925
-2.88 2.55012
-2.864 2.81924
-2.848 3.08595
-2.832 3.34959
-2.816 3.60955
-2.8 3.86522
-2.784 4.11604
-2.768 4.36146
-2.752 4.60097
-2.736 4.83407
-2.72 5.06031
-2.704 5.27926
-2.688 5.49052
-2.672 5.6937
-2.656 5.88846
-2.64 6.07448
-2.624 6.25147
-2.608 6.41918
-2.592 6.57735
-2.576 6.7258
-2.56 6.86433
-2.544 6.99279
-2.528 7.11106
-2.512 7.21902
-2.496 7.31662
-2.48 7.40379
-2.464 7.48051
-2.448 7.54678
-2.432 7.6026
-2.416 7.64804
-2.4 7.68314
-2.384 7.70799
-2.368 7.7227
-2.352 7.7274
-2.336 7.72221
-2.32 7.70732
-2.304 7.68289
-2.288 7.64912
-2.272 7.60622
-2.256 7.55441
-2.24 7.49395
-2.224 7.42507
-2.208 7.34806
-2.192 7.26317
-2.176 7.17071
-2.16 7.07098
-2.144 6.96428
-2.128 6.85093
-2.112 6.73125
-2.096 6.60559
-2.08 6.47427
-2.064 6.33764
-2.048 6.19606
-2.032 6.04987
-2.016 5.89944
-2 5.74512
-1.984 5.58728
-1.968 5.42627
-1.952 5.26246
-1.936 5.09622
-1.92 4.92791
-1.904 4.75789
-1.888 4.58652
-1.872 4.41415
-1.856 4.24115
-1.84 4.06786
-1.824 3.89463
-1.808 3.72179
-1.792 3.5497
-1.776 3.37867
-1.76 3.20902
-1.744 3.04109
-1.728 2.87518
-1.712 2.71159
-1.696 2.55061
-1.68 2.39254
-1.664 2.23765
-1.648 2.08621
-1.632 1.93847
-1.616 1.7947
-1.6 1.65513
-1.584 1.51999
-1.568 1.3895
-1.552 1.26387
-1.536 1.1433
-1.52 1.02797
-1.504 0.918064
-1.488 0.813744
-1.472 0.715163
-1.456 0.622464
-1.44 0.535778
-1.424 0.455223
-1.408 0.380906
-1.392 0.312923
-1.376 0.251358
-1.36 0.196283
-1.344 0.147758
-1.328 0.105831
-1.312 0.07054
-1.296 0.0419103
-1.28 0.0199558
-1.264 0.00467935
-1.248 -0.00392761
-1.232 -0.00588466
-1.216 -0.00122236
-1.2 0.0100179
-1.184 0.0277843
-1.168 0.0520143
-1.152 0.0826353
-1.136 0.119565
-1.12 0.16271
-1.104 0.211969
-1.088 0.267231
-1.072 0.328375
-1.056 0.395272
-1.04 0.467785
-1.024 0.545766
-1.008 0.629064
-0.992 0.717514
-0.976 0.81095
-0.96 0.909194
-0.944 1.01207
-0.928 1.11937
-0.912 1.23092
-0.896 1.34651
-0.88 1.46594
-0.864 1.58899
-0.848 1.71545
-0.832 1.84509
-0.816 1.9777
-0.8 2.11305
-0.784 2.2509
-0.768 2.39101
-0.752 2.53317
-0.736 2.67712
-0.72 2.82262
-0.704 2.96944
-0.688 3.11733
-0.672 3.26605
-0.656 3.41535
-0.64 3.56499
-0.624 3.71473
-0.608 3.86432
-0.592 4.01352
-0.576 4.16209
-0.56 4.3098
-0.544 4.45641
-0.528 4.60168
-0.512 4.74538
-0.496 4.88728
-0.48 5.02717
-0.464 5.16482
-0.448 5.30001
-0.432 5.43253
-0.416 5.56217
-0.4 5.68874
-0.384 5.81202
-0.368 5.93184
-0.352 6.04801
-0.336 6.16034
-0.32 6.26866
-0.304 6.3728
-0.288 6.4726
-0.272 6.56792
-0.256 6.65859
-0.24 6.74449
-0.224 6.82548
-0.208 6.90144
-0.192 6.97224
-0.176 7.03778
-0.16 7.09797
-0.144 7.15271
-0.128 7.20191
-0.112 7.2455
-0.096 7.28341
-0.08 7.31559
-0.064 7.34198
-0.048 7.36255
-0.032 7.37727
-0.016 7.38611
8.32667e-017 7.38906
0.016 7.38611
0.032 7.37727
0.048 7.36255
0.064 7.34198
0.08 7.31559
0.096 7.28341
0.112 7.2455
0.128 7.20191
0.144 7.15271
0.16 7.09797
0.176 7.03778
0.192 6.97224
0.208 6.90144
0.224 6.82548
0.24 6.74449
0.256 6.65859
0.272 6.56792
0.288 6.4726
0.304 6.3728
0.32 6.26866
0.336 6.16034
0.352 6.04801
0.368 5.93184
0.384 5.81202
0.4 5.68874
0.416 5.56217
0.432 5.43253
0.448 5.30001
0.464 5.16482
0.48 5.02717
0.496 4.88728
0.512 4.74538
0.528 4.60168
0.544 4.45641
0.56 4.3098
0.576 4.16209
0.592 4.01352
0.608 3.86432
0.624 3.71473
0.64 3.56499
0.656 3.41535
0.672 3.26605
0.688 3.11733
0.704 2.96944
0.72 2.82262
0.736 2.67712
0.752 2.53317
0.768 2.39101
0.784 2.2509
0.8 2.11305
0.816 1.9777
0.832 1.84509
0.848 1.71545
0.864 1.58899
0.88 1.46594
0.896 1.34651
0.912 1.23092
0.928 1.11937
0.944 1.01207
0.96 0.909194
0.976 0.81095
0.992 0.717514
1.008 0.629064
1.024 0.545766
1.04 0.467785
1.056 0.395272
1.072 0.328375
1.088 0.267231
1.104 0.211969
1.12 0.16271
1.136 0.119565
1.152 0.0826353
1.168 0.0520143
1.184 0.0277843
1.2 0.0100179
1.216 -0.00122236
1.232 -0.00588466
1.248 -0.00392761
1.264 0.00467935
1.28 0.0199558
1.296 0.0419103
1.312 0.07054
1.328 0.105831
1.344 0.147758
1.36 0.196283
1.376 0.251358
1.392 0.312923
1.408 0.380906
1.424 0.455223
1.44 0.535778
1.456 0.622464
1.472 0.715163
1.488 0.813744
1.504 0.918064
1.52 1.02797
1.536 1.1433
1.552 1.26387
1.568 1.3895
1.584 1.51999
1.6 1.65513
1.616 1.7947
1.632 1.93847
1.648 2.08621
1.664 2.23765
1.68 2.39254
1.696 2.55061
1.712 2.71159
1.728 2.87518
1.744 3.04109
1.76 3.20902
1.776 3.37867
1.792 3.5497
1.808 3.72179
1.824 3.89463
1.84 4.06786
1.856 4.24115
1.872 4.41415
1.888 4.58652
1.904 4.75789
1.92 4.92791
1.936 5.09622
1.952 5.26246
1.968 5.42627
1.984 5.58728
2 5.74512
2.016 5.89944
2.032 6.04987
2.048 6.19606
2.064 6.33764
2.08 6.47427
2.096 6.60559
2.112 6.73125
2.128 6.85093
2.144 6.96428
2.16 7.07098
2.176 7.17071
2.192 7.26317
2.208 7.34806
2.224 7.42507
2.24 7.49395
2.256 7.55441
2.272 7.60622
2.288 7.64912
2.304 7.68289
2.32 7.70732
2.336 7.72221
2.352 7.7274
2.368 7.7227
2.384 7.70799
2.4 7.68314
2.416 7.64804
2.432 7.6026
2.448 7.54678
2.464 7.48051
2.48 7.40379
2.496 7.31662
2.512 7.21902
2.528 7.11106
2.544 6.99279
2.56 6.86433
2.576 6.7258
2.592 6.57735
2.608 6.41918
2.624 6.25147
2.64 6.07448
2.656 5.88846
2.672 5.6937
2.688 5.49052
2.704 5.27926
2.72 5.06031
2.736 4.83407
2.752 4.60097
2.768 4.36146
2.784 4.11604
2.8 3.86522
2.816 3.60955
2.832 3.34959
2.848 3.08595
2.864 2.81924
2.88 2.55012
2.896 2.27925
2.912 2.00733
2.928 1.73508
2.944 1.46324
2.96 1.19256
2.976 0.923837
2.992 0.657855
3.008 0.395428
3.024 0.137383
3.04 -0.115442
3.056 -0.362199
3.072 -0.60203
3.088 -0.834073
3.104 -1.05746
3.12 -1.27133
3.136 -1.47481
3.152 -1.66704
3.168 -1.84718
3.184 -2.01437
3.2 -2.16781
3.216 -2.30666
3.232 -2.43017
3.248 -2.53755
3.264 -2.62809
3.28 -2.7011
3.296 -2.75592
3.312 -2.79194
3.328 -2.80861
3.344 -2.80543
3.36 -2.78197
3.376 -2.73784
3.392 -2.67275
3.408 -2.58649
3.424 -2.47892
3.44 -2.35002
3.456 -2.19984
3.472 -2.02857
3.488 -1.8365
3.504 -1.62404
3.52 -1.39177
3.536 -1.14037
3.552 -0.870697
3.568 -0.58377
3.584 -0.280776
3.6 0.0369119
3.616 0.367726
3.632 0.709892
3.648 1.06142
3.664 1.42009
3.68 1.78344
3.696 2.14874
3.712 2.51302
3.728 2.873
3.744 3.22512
3.76 3.56549
3.776 3.88992
3.792 4.19385
3.808 4.47238
3.824 4.72022
3.84 4.93169
3.856 5.10071
3.872 5.22077
3.888 5.28489
3.904 5.28563
3.92 5.21509
3.936 5.06481
3.952 4.82584
3.968 4.48867
3.984 4.04319
