-4 5.40707
-3.984 1.29966
-3.968 -2.50516
-3.952 -6.02036
-3.936 -9.25857
-3.92 -12.232
-3.904 -14.9525
-3.888 -17.4317
-3.872 -19.6806
-3.856 -21.71
-3.84 -23.5306
-3.824 -25.1524
-3.808 -26.5852
-3.792 -27.8386
-3.776 -28.9218
-3.76 -29.8437
-3.744 -30.613
-3.728 -31.2379
-3.712 -31.7264
-3.696 -32.0865
-3.68 -32.3256
-3.664 -32.4508
-3.648 -32.4694
-3.632 -32.3878
-3.616 -32.2128
-3.6 -31.9504
-3.584 -31.6069
-3.568 -31.1878
-3.552 -30.6989
-3.536 -30.1455
-3.52 -29.5327
-3.504 -28.8656
-3.488 -28.1487
-3.472 -27.3868
-3.456 -26.5841
-3.44 -25.7448
-3.424 -24.873
-3.408 -23.9724
-3.392 -23.0467
-3.376 -22.0995
-3.36 -21.1339
-3.344 -20.1532
-3.328 -19.1605
-3.312 -18.1585
-3.296 -17.15
-3.28 -16.1375
-3.264 -15.1236
-3.248 -14.1106
-3.232 -13.1005
-3.216 -12.0956
-3.2 -11.0977
-3.184 -10.1086
-3.168 -9.13013
-3.152 -8.16383
-3.136 -7.21121
-3.12 -6.27366
-3.104 -5.35248
-3.088 -4.44888
-3.072 -3.56396
-3.056 -2.69874
-3.04 -1.85415
-3.024 -1.03105
-3.008 -0.2302
-2.992 0.547703
-2.976 1.30204
-2.96 2.03227
-2.944 2.73791
-2.928 3.41855
-2.912 4.07385
-2.896 4.70351
-2.88 5.3073
-2.864 5.88507
-2.848 6.43668
-2.832 6.96208
-2.816 7.46123
-2.8 7.93418
-2.784 8.38099
-2.768 8.80179
-2.752 9.19672
-2.736 9.56598
-2.72 9.90981
-2.704 10.2285
-2.688 10.5222
-2.672 10.7915
-2.656 11.0365
-2.64 11.2578
-2.624 11.4556
-2.608 11.6305
-2.592 11.783
-2.576 11.9133
-2.56 12.0222
-2.544 12.11
-2.528 12.1774
-2.512 12.2248
-2.496 12.2529
-2.48 12.2621
-2.464 12.2531
-2.448 12.2265
-2.432 12.1829
-2.416 12.1228
-2.4 12.0469
-2.384 11.9558
-2.368 11.8502
-2.352 11.7306
-2.336 11.5977
-2.32 11.4522
-2.304 11.2945
-2.288 11.1255
-2.272 10.9456
-2.256 10.7556
-2.24 10.556
-2.224 10.3476
-2.208 10.1307
-2.192 9.90624
-2.176 9.67462
-2.16 9.43651
-2.144 9.19248
-2.128 8.94312
-2.112 8.689
-2.096 8.43069
-2.08 8.16874
-2.064 7.90371
-2.048 7.63613
-2.032 7.36652
-2.016 7.0954
-2 6.82328
-1.984 6.55065
-1.968 6.27798
-1.952 6.00576
-1.936 5.73443
-1.92 5.46443
-1.904 5.1962
-1.888 4.93016
-1.872 4.66671
-1.856 4.40624
-1.84 4.14913
-1.824 3.89574
-1.808 3.64642
-1.792 3.4015
-1.776 3.16131
-1.76 2.92616
-1.744 2.69633
-1.728 2.47211
-1.712 2.25375
-1.696 2.04152
-1.68 1.83564
-1.664 1.63634
-1.648 1.44382
-1.632 1.25829
-1.616 1.07991
-1.6 0.908854
-1.584 0.745275
-1.568 0.589308
-1.552 0.44108
-1.536 0.3007
-1.52 0.168265
-1.504 0.043861
-1.488 -0.0724418
-1.472 -0.180585
-1.456 -0.280522
-1.44 -0.372221
-1.424 -0.45566
-1.408 -0.530831
-1.392 -0.597737
-1.376 -0.656392
-1.36 -0.706822
-1.344 -0.749065
-1.328 -0.783169
-1.312 -0.809193
-1.296 -0.827207
-1.28 -0.837289
-1.264 -0.83953
-1.248 -0.834027
-1.232 -0.820891
-1.216 -0.800238
-1.2 -0.772195
-1.184 -0.736895
-1.168 -0.694483
-1.152 -0.64511
-1.136 -0.588933
-1.12 -0.526119
-1.104 -0.45684
-1.088 -0.381275
-1.072 -0.299612
-1.056 -0.212042
-1.04 -0.118762
-1.024 -0.0199753
-1.008 0.0841089
-0.992 0.193278
-0.976 0.307314
-0.96 0.425995
-0.944 0.549095
-0.928 0.676386
-0.912 0.807633
-0.896 0.942603
-0.88 1.08106
-0.864 1.22275
-0.848 1.36745
-0.832 1.5149
-0.816 1.66486
-0.8 1.81709
-0.784 1.97133
-0.768 2.12734
-0.752 2.28487
-0.736 2.44368
-0.72 2.6035
-0.704 2.7641
-0.688 2.92523
-0.672 3.08665
-0.656 3.24811
-0.64 3.40936
-0.624 3.57018
-0.608 3.73032
-0.592 3.88954
-0.576 4.04762
-0.56 4.20433
-0.544 4.35944
-0.528 4.51272
-0.512 4.66396
-0.496 4.81295
-0.48 4.95947
-0.464 5.10331
-0.448 5.24429
-0.432 5.38219
-0.416 5.51683
-0.4 5.64803
-0.384 5.77559
-0.368 5.89936
-0.352 6.01915
-0.336 6.1348
-0.32 6.24616
-0.304 6.35307
-0.288 6.4554
-0.272 6.55299
-0.256 6.64573
-0.24 6.73348
-0.224 6.81614
-0.208 6.89357
-0.192 6.9657
-0.176 7.03241
-0.16 7.09362
-0.144 7.14925
-0.128 7.19922
-0.112 7.24348
-0.096 7.28195
-0.08 7.31458
-0.064 7.34135
-0.048 7.3622
-0.032 7.37711
-0.016 7.38607
8.32667e-017 7.38906
0.016 7.38607
0.032 7.37711
0.048 7.3622
0.064 7.34135
0.08 7.31458
0.096 7.28195
0.112 7.24348
0.128 7.19922
0.144 7.14925
0.16 7.09362
0.176 7.03241
0.192 6.9657
0.208 6.89357
0.224 6.81614
0.24 6.73348
0.256 6.64573
0.272 6.55299
0.288 6.4554
0.304 6.35307
0.32 6.24616
0.336 6.1348
0.352 6.01915
0.368 5.89936
0.384 5.77559
0.4 5.64803
0.416 5.51683
0.432 5.38219
0.448 5.24429
0.464 5.10331
0.48 4.95947
0.496 4.81295
0.512 4.66396
0.528 4.51272
0.544 4.35944
0.56 4.20433
0.576 4.04762
0.592 3.88954
0.608 3.73032
0.624 3.57018
0.64 3.40936
0.656 3.24811
0.672 3.08665
0.688 2.92523
0.704 2.7641
0.72 2.6035
0.736 2.44368
0.752 2.28487
0.768 2.12734
0.784 1.97133
0.8 1.81709
0.816 1.66486
0.832 1.5149
0.848 1.36745
0.864 1.22275
0.88 1.08106
0.896 0.942603
0.912 0.807633
0.928 0.676386
0.944 0.549095
0.96 0.425995
0.976 0.307314
0.992 0.193278
1.008 0.0841089
1.024 -0.0199753
1.04 -0.118762
1.056 -0.212042
1.072 -0.299612
1.088 -0.381275
1.104 -0.45684
1.12 -0.526119
1.136 -0.588933
1.152 -0.64511
1.168 -0.694483
1.184 -0.736895
1.2 -0.772195
1.216 -0.800238
1.232 -0.820891
1.248 -0.834027
1.264 -0.83953
1.28 -0.837289
1.296 -0.827207
1.312 -0.809193
1.328 -0.783169
1.344 -0.749065
1.36 -0.706822
1.376 -0.656392
1.392 -0.597737
1.408 -0.530831
1.424 -0.45566
1.44 -0.372221
1.456 -0.280522
1.472 -0.180585
1.488 -0.0724418
1.504 0.043861
1.52 0.168265
1.536 0.3007
1.552 0.44108
1.568 0.589308
1.584 0.745275
1.6 0.908854
1.616 1.07991
1.632 1.25829
1.648 1.44382
1.664 1.63634
1.68 1.83564
1.696 2.04152
1.712 2.25375
1.728 2.47211
1.744 2.69633
1.76 2.92616
1.776 3.16131
1.792 3.4015
1.808 3.64642
1.824 3.89574
1.84 4.14913
1.856 4.40624
1.872 4.66671
1.888 4.93016
1.904 5.1962
1.92 5.46443
1.936 5.73443
1.952 6.00576
1.968 6.27798
1.984 6.55065
2 6.82328
2.016 7.0954
2.032 7.36652
2.048 7.63613
2.064 7.90371
2.08 8.16874
2.096 8.43069
2.112 8.689
2.128 8.94312
2.144 9.19248
2.16 9.43651
2.176 9.67462
2.192 9.90624
2.208 10.1307
2.224 10.3476
2.24 10.556
2.256 10.7556
2.272 10.9456
2.288 11.1255
2.304 11.2945
2.32 11.4522
2.336 11.5977
2.352 11.7306
2.368 11.8502
2.384 11.9558
2.4 12.0469
2.416 12.1228
2.432 12.1829
2.448 12.2265
2.464 12.2531
2.48 12.2621
2.496 12.2529
2.512 12.2248
2.528 12.1774
2.544 12.11
2.56 12.0222
2.576 11.9133
2.592 11.783
2.608 11.6305
2.624 11.4556
2.64 11.2578
2.656 11.0365
2.672 10.7915
2.688 10.5222
2.704 10.2285
2.72 9.90981
2.736 9.56598
2.752 9.19672
2.768 8.80179
2.784 8.38099
2.8 7.93418
2.816 7.46123
2.832 6.96208
2.848 6.43668
2.864 5.88507
2.88 5.3073
2.896 4.70351
2.912 4.07385
2.928 3.41855
2.944 2.73791
2.96 2.03227
2.976 1.30204
2.992 0.547703
3.008 -0.2302
3.024 -1.03105
3.04 -1.85415
3.056 -2.69874
3.072 -3.56396
3.088 -4.44888
3.104 -5.35248
3.12 -6.27366
3.136 -7.21121
3.152 -8.16383
3.168 -9.13013
3.184 -10.1086
3.2 -11.0977
3.216 -12.0956
3.232 -13.1005
3.248 -14.1106
3.264 -15.1236
3.28 -16.1375
3.296 -17.15
3.312 -18.1585
3.328 -19.1605
3.344 -20.1532
3.36 -21.1339
3.376 -22.0995
3.392 -23.0467
3.408 -23.9724
3.424 -24.873
3.44 -25.7448
3.456 -26.5841
3.472 -27.3868
3.488 -28.1487
3.504 -28.8656
3.52 -29.5327
3.536 -30.1455
3.552 -30.6989
3.568 -31.1878
3.584 -31.6069
3.6 -31.9504
3.616 -32.2128
3.632 -32.3878
3.648 -32.4694
3.664 -32.4508
3.68 -32.3256
3.696 -32.0865
3.712 -31.7264
3.728 -31.2379
3.744 -30.613
3.76 -29.8437
3.776 -28.9218
3.792 -27.8386
3.808 -26.5852
3.824 -25.1524
3.84 -23.5306
3.856 -21.71
3.872 -19.6806
3.888 -17.4317
3.904 -14.9525
3.92 -12.232
3.936 -9.25857
3.952 -6.02036
3.968 -2.50516
3.984 1.29966
